date,new_cases,cumulative_cases,active,active_cumulative,recovered,recovered_cumulative,deaths,deaths_cumulative
2020-03-09,2,2,2,2,0,0,0,0
2020-03-10,8,10,7,9,0,0,1,1
2020-03-11,5,15,5,14,0,0,0,1
2020-03-12,8,23,8,22,0,0,0,1
2020-03-13,10,33,10,32,0,0,0,1
2020-03-14,5,38,5,37,0,0,0,1
2020-03-15,4,42,4,41,0,0,0,1
2020-03-16,9,51,9,50,0,0,0,1
2020-03-17,4,55,4,54,0,0,0,1
2020-03-18,4,59,2,56,1,1,1,2
2020-03-19,5,64,5,61,0,1,0,2
2020-03-20,6,70,4,65,2,3,0,2
2020-03-21,6,76,6,71,0,3,0,2
2020-03-22,13,98,21,92,0,3,1,3
2020-03-23,15,104,3,95,2,5,1,4
2020-03-24,19,123,13,108,5,10,1,5
2020-03-25,23,146,16,124,7,17,0,5
2020-03-26,28,174,27,151,0,17,1,6
2020-03-27,12,186,-4,147,14,31,2,8
2020-03-28,11,197,7,154,2,33,2,10
2020-03-29,15,212,8,162,7,40,0,10
2020-03-30,11,223,6,168,4,44,1,11
2020-03-31,20,243,10,178,8,52,2,13
2020-04-01,16,259,-1,177,15,67,2,15
2020-04-02,18,277,8,185,9,76,1,16
2020-04-03,27,304,13,198,13,89,1,17
2020-04-04,29,333,18,216,10,99,1,18
2020-04-05,28,361,21,237,5,104,2,20
2020-04-06,16,377,3,240,12,116,1,21
2020-04-07,6,383,-10,230,15,131,1,22
2020-04-08,17,400,-6,224,23,154,0,22
2020-04-09,9,409,-2,222,11,165,0,22
2020-04-10,7,416,-11,211,17,182,1,23
2020-04-11,17,433,2,213,15,197,0,23
2020-04-12,13,446,-7,206,20,217,0,23
2020-04-13,21,467,6,212,15,232,0,23
2020-04-14,8,475,-9,203,16,248,1,24
2020-04-15,19,494,15,218,3,251,1,25
2020-04-16,24,518,-3,215,26,277,1,26
2020-04-17,21,539,15,230,6,283,0,26
2020-04-18,9,548,-10,220,19,302,0,26
2020-04-19,14,562,2,222,12,314,0,26
2020-04-20,22,584,9,231,13,327,0,26
2020-04-21,25,609,7,238,18,345,0,26
2020-04-22,25,634,13,251,11,356,1,27
2020-04-23,29,663,0,251,29,385,0,27
2020-04-24,15,678,6,257,9,394,0,27
2020-04-25,34,712,25,282,9,403,0,27
2020-04-26,14,726,6,288,7,410,1,28
2020-04-27,10,736,-2,286,12,422,0,28
2020-04-28,14,750,3,289,9,431,2,30
2020-04-29,16,766,-8,281,24,455,0,30
2020-04-30,7,773,-9,272,15,470,1,31
2020-05-01,9,782,-9,263,18,488,0,31
2020-05-02,7,789,-24,239,31,519,0,31
2020-05-03,6,795,-6,233,12,531,0,31
2020-05-04,8,803,-4,229,12,543,0,31
2020-05-05,17,820,-10,219,27,570,0,31
2020-05-06,12,832,-13,206,25,595,0,31
2020-05-07,10,842,0,206,10,605,0,31
2020-05-08,8,850,-7,199,15,620,0,31
2020-05-09,6,856,-1,198,7,627,0,31
2020-05-10,12,868,-11,187,23,650,0,31
2020-05-11,4,872,0,187,4,654,0,31
2020-05-12,4,876,-24,163,28,682,0,31
2020-05-13,4,880,-2,161,6,688,0,31
2020-05-14,18,898,12,173,6,694,0,31
2020-05-15,18,916,7,180,11,705,0,31
2020-05-16,17,933,8,188,9,714,0,31
2020-05-17,13,946,12,200,1,715,0,31
2020-05-18,2,948,-10,190,12,727,0,31
2020-05-19,1,949,-14,176,15,742,0,31
2020-05-20,15,964,-1,175,16,758,0,31
2020-05-21,5,969,-8,167,13,771,0,31
2020-05-22,12,981,6,173,6,777,0,31
2020-05-23,8,989,2,175,6,783,0,31
2020-05-24,9,998,2,177,6,789,1,32
2020-05-25,6,1004,0,177,6,795,0,32
2020-05-26,25,1029,16,193,8,803,1,33
2020-05-27,21,1050,12,205,9,812,0,33
2020-05-28,26,1076,15,220,11,823,0,33
2020-05-29,23,1099,-5,215,28,851,0,33
2020-05-30,23,1122,17,232,6,857,0,33
2020-05-31,15,1137,0,232,15,872,0,33
2020-06-01,6,1143,1,233,5,877,0,33
2020-06-02,21,1164,7,240,14,891,0,33
2020-06-03,20,1184,13,253,7,898,0,33
2020-06-04,13,1197,13,266,0,898,0,33
2020-06-05,15,1212,3,269,12,910,0,33
2020-06-06,20,1232,4,273,15,925,1,34
2020-06-07,14,1246,1,274,13,938,0,34
2020-06-08,17,1263,10,284,7,945,0,34
2020-06-09,36,1299,21,305,15,960,0,34
2020-06-10,42,1341,22,327,20,980,0,34
2020-06-11,44,1385,22,349,21,1001,1,35
2020-06-12,31,1416,-3,346,33,1034,1,36
2020-06-13,48,1464,43,389,5,1039,0,36
2020-06-14,57,1521,52,441,5,1044,0,36
2020-06-15,69,1590,58,499,11,1055,0,36
2020-06-16,82,1672,72,571,9,1064,1,37
2020-06-17,50,1722,36,607,13,1077,1,38
2020-06-18,66,1788,56,663,9,1086,1,39
2020-06-19,50,1838,19,682,28,1114,3,42
2020-06-20,53,1891,40,722,12,1126,1,43
2020-06-21,71,1962,62,784,8,1134,1,44
2020-06-22,33,1995,8,792,25,1159,0,44
2020-06-23,52,2047,15,807,36,1195,1,45
2020-06-24,67,2114,43,850,22,1217,2,47
2020-06-25,78,2192,43,893,33,1250,2,49
2020-06-26,77,2269,27,920,48,1298,2,51
2020-06-27,61,2330,11,931,48,1346,2,53
2020-06-28,72,2402,32,963,38,1384,2,55
2020-06-29,64,2466,7,970,54,1438,3,58
2020-06-30,69,2535,44,1014,21,1459,4,62
2020-07-01,45,2580,-15,999,57,1516,3,65
2020-07-02,82,2662,35,1034,43,1559,4,69
2020-07-03,90,2752,54,1088,33,1592,3,72
2020-07-04,67,2819,20,1108,45,1637,2,74
2020-07-05,74,2893,52,1160,20,1657,2,76
2020-07-06,71,2964,23,1183,45,1702,3,79
2020-07-07,74,3038,30,1213,42,1744,2,81
2020-07-08,68,3106,19,1232,47,1791,2,83
2020-07-09,82,3188,41,1273,41,1832,0,83
2020-07-10,90,3278,45,1318,43,1875,2,85
2020-07-11,93,3371,83,1401,6,1881,4,89
2020-07-12,83,3454,14,1415,65,1946,4,93
2020-07-13,117,3571,47,1462,68,2014,2,95
2020-07-14,96,3667,46,1508,48,2062,2,97
2020-07-15,85,3752,52,1560,29,2091,4,101
2020-07-16,99,3851,50,1610,46,2137,3,104
2020-07-17,55,3906,-25,1585,77,2214,3,107
2020-07-18,102,4008,48,1633,50,2264,4,111
2020-07-19,82,4090,34,1667,47,2311,1,112
2020-07-20,81,4171,39,1706,41,2352,1,113
2020-07-21,119,4290,70,1776,45,2397,4,117
2020-07-22,68,4358,-1,1775,66,2463,3,120
2020-07-23,108,4466,45,1820,60,2523,3,123
2020-07-24,104,4570,14,1834,85,2608,5,128
2020-07-25,67,4637,32,1866,29,2637,6,134
2020-07-26,126,4763,77,1943,45,2682,4,138
2020-07-27,117,4880,48,1991,63,2745,6,144
2020-07-28,117,4997,69,2060,44,2789,4,148
2020-07-29,108,5105,65,2125,41,2830,2,150
2020-07-30,92,5197,35,2160,53,2883,4,154
2020-07-31,79,5276,7,2167,69,2952,3,157
2020-08-01,120,5396,107,2274,9,2961,4,161
2020-08-02,123,5519,61,2335,57,3018,5,166
2020-08-03,101,5620,82,2417,13,3031,6,172
2020-08-04,130,5750,103,2520,23,3054,4,176
2020-08-05,139,5889,64,2584,69,3123,6,182
2020-08-06,127,6016,89,2673,32,3155,6,188
2020-08-07,135,6151,62,2735,72,3227,1,189
2020-08-08,124,6275,79,2814,41,3268,4,193
2020-08-09,136,6411,56,2870,74,3342,6,199
2020-08-10,125,6536,87,2957,37,3379,1,200
2020-08-11,140,6676,34,2991,101,3480,5,205
2020-08-12,141,6817,66,3057,72,3552,3,208
2020-08-13,154,6971,85,3142,64,3616,5,213
2020-08-14,146,7117,61,3203,79,3695,6,219
2020-08-15,143,7260,86,3289,51,3746,6,225
2020-08-16,120,7380,69,3358,48,3794,3,228
2020-08-17,119,7499,95,3453,22,3816,2,230
2020-08-18,155,7654,98,3551,55,3871,2,232
2020-08-19,158,7812,99,3650,57,3928,2,234
2020-08-20,155,7967,93,3743,58,3986,4,238
2020-08-21,152,8119,40,3783,110,4096,2,240
2020-08-22,156,8275,63,3846,88,4184,5,245
2020-08-23,152,8427,-1,3845,148,4332,5,250
2020-08-24,178,8605,93,3938,81,4413,4,254
2020-08-25,154,8759,32,3970,117,4530,5,259
2020-08-26,168,8927,61,4031,103,4633,4,263
2020-08-27,156,9083,-5,4026,158,4791,3,266
2020-08-28,112,9195,-25,4001,132,4923,5,271
2020-08-29,84,9279,-17,3984,97,5020,4,275
2020-08-30,101,9380,-23,3961,119,5139,5,280
2020-08-31,133,9513,54,4015,75,5214,4,284
2020-09-01,93,9606,-140,3875,227,5441,6,290
2020-09-02,122,9728,-25,3850,141,5582,6,296
2020-09-03,116,9844,-39,3811,150,5732,5,301
2020-09-04,123,9967,-32,3779,150,5882,5,306
2020-09-05,135,10102,35,3814,94,5976,6,312
2020-09-06,153,10255,19,3833,130,6106,4,316
2020-09-07,151,10406,68,3901,80,6186,3,319
2020-09-08,147,10553,92,3993,53,6239,2,321
2020-09-09,151,10704,105,4098,45,6284,1,322
2020-09-10,156,10860,92,4190,62,6346,2,324
2020-09-11,161,11021,61,4251,97,6443,3,327
2020-09-12,164,11185,110,4361,51,6494,3,330
2020-09-13,168,11353,89,4450,75,6569,4,334
2020-09-14,167,11520,117,4567,46,6615,4,338
2020-09-15,152,11672,97,4664,53,6668,2,340
2020-09-16,144,11816,76,4740,65,6733,3,343
2020-09-17,132,11948,72,4812,55,6788,5,348
2020-09-18,125,12073,77,4889,43,6831,5,353
2020-09-19,153,12226,91,4980,57,6888,5,358
2020-09-20,159,12385,103,5083,52,6940,4,362
2020-09-21,150,12535,93,5176,55,6995,2,364
2020-09-22,131,12666,81,5257,47,7042,3,367
2020-09-23,121,12787,21,5278,97,7139,3,370
2020-09-24,134,12921,34,5312,100,7239,0,370
2020-09-25,124,13045,51,5363,70,7309,3,373
2020-09-26,108,13153,18,5381,88,7397,2,375
2020-09-27,106,13259,-33,5348,137,7534,2,377
2020-09-28,132,13391,34,5382,95,7629,3,380
2020-09-29,127,13518,20,5402,103,7732,4,384
2020-09-30,131,13649,13,5415,115,7847,3,387
2020-10-01,157,13806,-74,5341,230,8077,1,388
2020-10-02,159,13965,-107,5234,265,8342,1,389
2020-10-03,152,14117,-45,5189,194,8536,3,392
2020-10-04,149,14266,6,5195,139,8675,4,396
2020-10-05,144,14410,-10,5185,150,8825,4,400
2020-10-06,158,14568,15,5200,140,8965,3,403
2020-10-07,162,14730,8,5208,150,9115,4,407
2020-10-08,169,14899,65,5273,100,9215,4,411
2020-10-09,167,15066,76,5349,89,9304,2,413
2020-10-10,165,15231,60,5409,102,9406,3,416
2020-10-11,168,15399,70,5479,94,9500,4,420
2020-10-12,171,15570,82,5561,85,9585,4,424
2020-10-13,182,15752,87,5648,90,9675,5,429
2020-10-14,203,15955,111,5759,87,9762,5,434
2020-10-15,257,16212,150,5909,102,9864,5,439
2020-10-16,289,16501,192,6101,93,9957,4,443
2020-10-17,273,16774,224,6325,44,10001,5,448
2020-10-18,281,17055,208,6533,70,10071,3,451
2020-10-19,295,17350,196,6729,96,10167,3,454
2020-10-20,301,17651,239,6968,58,10225,4,458
2020-10-21,297,17948,177,7145,116,10341,4,462
2020-10-22,302,18250,245,7390,54,10395,3,465
2020-10-23,306,18556,231,7621,71,10466,4,469
2020-10-24,302,18858,216,7837,82,10548,4,473
2020-10-25,299,19157,189,8026,106,10654,4,477
2020-10-26,288,19445,234,8260,51,10705,3,480
2020-10-27,284,19729,174,8434,103,10808,7,487
2020-10-28,311,20040,220,8654,85,10893,6,493
2020-10-29,275,20315,155,8809,114,11007,6,499
2020-10-30,319,20634,226,9035,90,11097,3,502
2020-10-31,241,20875,142,9177,92,11189,7,509
2020-11-01,327,21202,261,9438,57,11246,9,518
2020-11-02,321,21523,191,9629,121,11367,9,527
2020-11-03,381,21904,270,9899,106,11473,5,532
2020-11-04,396,22300,287,10186,105,11578,4,536
2020-11-05,421,22721,296,10482,118,11696,7,543
2020-11-06,489,23210,318,10800,165,11861,6,549
2020-11-07,495,23705,346,11146,141,12002,8,557
2020-11-08,501,24206,409,11555,90,12092,2,559
2020-11-09,525,24731,402,11957,111,12203,12,571
2020-11-10,563,25294,405,12362,150,12353,8,579
2020-11-11,507,25801,356,12718,140,12493,11,590
2020-11-12,410,26211,321,13039,81,12574,8,598
2020-11-13,490,26701,390,13429,93,12667,7,605
2020-11-14,532,27233,425,13854,100,12767,7,612
2020-11-15,597,27830,464,14318,122,12889,11,623
2020-11-16,602,28432,30,14348,564,13453,8,631
2020-11-17,694,29126,337,14685,351,13804,6,637
2020-11-18,711,29837,290,14975,412,14216,9,646
2020-11-19,786,30623,426,15401,349,14565,11,657
2020-11-20,836,31459,331,15732,490,15055,15,672
2020-11-21,737,32196,310,16042,414,15469,13,685
2020-11-22,565,32761,178,16220,373,15842,14,699
2020-11-23,795,33556,390,16610,388,16230,17,716
2020-11-24,436,34300,289,16899,436,16666,19,735
2020-11-25,644,34944,271,17170,365,17031,8,743
2020-11-26,656,35600,325,17495,321,17352,10,753
2020-11-27,645,36245,224,17719,403,17755,18,771
2020-11-28,545,36790,132,17851,397,18152,16,787
2020-11-29,835,37625,495,18346,329,18481,11,798
2020-11-30,557,38182,177,18523,368,18849,12,810
2020-12-01,832,39014,285,18808,535,19384,12,822
2020-12-02,705,39719,160,18968,528,19912,17,839
2020-12-03,782,40501,197,19165,572,20484,13,852
2020-12-04,801,41302,293,19458,490,20974,18,870
2020-12-05,846,42148,515,19973,312,21286,19,889
2020-12-06,840,42988,493,20466,331,21617,16,905
2020-12-07,695,43683,115,20581,563,22180,17,922
2020-12-08,753,44436,392,20973,347,22527,14,936
2020-12-09,752,45188,192,21165,545,23072,15,951
2020-12-10,873,46061,322,21487,537,23609,14,965
2020-12-11,802,46863,263,21750,527,24136,12,977
2020-12-12,879,47742,483,22233,384,24520,12,989
2020-12-13,788,48530,474,22707,300,24820,14,1003
2020-12-14,661,49191,143,22850,505,25325,13,1016
2020-12-15,809,50000,246,23096,551,25876,12,1028
2020-12-16,637,50637,120,23216,505,26381,12,1040
2020-12-17,787,51424,255,23471,517,26898,15,1055
2020-12-18,580,52004,41,23512,528,27426,11,1066
2020-12-19,538,52542,125,23637,405,27831,8,1074
2020-12-20,461,53003,157,23794,290,28121,14,1088
2020-12-21,422,53425,-219,23575,631,28752,10,1098
2020-12-22,389,53814,-121,23454,497,29249,13,1111
2020-12-23,503,54317,-53,23401,550,29799,6,1117
2020-12-24,510,54827,25,23426,477,30276,8,1125
2020-12-25,553,55380,30,23456,514,30790,9,1134
2020-12-26,375,55755,-25,23431,391,31181,9,1143
2020-12-27,499,56254,105,23536,384,31565,10,1153
2020-12-28,318,56572,-250,23286,557,32122,11,1164
2020-12-29,574,57146,-10,23276,578,32700,6,1170
2020-12-30,581,57727,92,23368,485,33185,4,1174
2020-12-31,589,58316,133,23501,449,33634,7,1181
2021-01-01,407,58723,98,23599,304,33938,5,1186
2021-01-02,268,58991,-151,23448,415,34353,4,1190
2021-01-03,447,59438,149,23597,295,34648,3,1193
2021-01-04,185,59623,-169,23428,348,34996,6,1199
2021-01-05,660,60283,94,23522,555,35551,11,1210
2021-01-06,725,61008,167,23689,551,36102,7,1217
2021-01-07,697,61705,258,23947,433,36535,6,1223
2021-01-08,673,62378,230,24177,436,36971,7,1230
2021-01-09,655,63033,296,24473,356,37327,3,1233
2021-01-10,562,63595,233,24706,321,37648,8,1241
2021-01-11,376,63971,37,24743,333,37981,6,1247
2021-01-12,656,64627,211,24954,440,38421,5,1252
2021-01-13,707,65334,264,25218,439,38860,4,1256
2021-01-14,660,65994,269,25487,386,39246,5,1261
2021-01-15,641,66635,258,25745,379,39625,4,1265
2021-01-16,581,67216,111,25856,465,40090,5,1270
2021-01-17,474,67690,104,25960,363,40453,7,1277
2021-01-18,292,67982,-129,25831,417,40870,4,1281
2021-01-19,586,68568,-14,25817,594,41464,6,1287
2021-01-20,670,69238,161,25978,505,41969,4,1291
2021-01-21,678,69916,216,26194,457,42426,5,1296
2021-01-22,739,70655,263,26457,469,42895,7,1303
2021-01-23,786,71441,290,26747,489,43384,7,1310
2021-01-24,833,72274,322,27069,506,43890,5,1315
2021-01-25,538,72812,128,27197,401,44291,9,1324
2021-01-26,879,73691,282,27479,589,44880,8,1332
2021-01-27,876,74567,366,27845,503,45383,7,1339
2021-01-28,887,75454,353,28198,523,45906,11,1350
2021-01-29,896,76350,374,28572,514,46420,8,1358
2021-01-30,901,77251,383,28955,507,46927,11,1369
2021-01-31,876,78127,368,29323,497,47424,11,1380
2021-02-01,865,78992,354,29677,498,47922,13,1393
2021-02-02,942,79934,482,30159,455,48377,5,1398
2021-02-03,1007,80941,420,30579,581,48958,6,1404
2021-02-04,1052,81993,453,31032,585,49543,14,1418
2021-02-05,1089,83082,398,31430,676,50219,15,1433
2021-02-06,1130,84212,461,31891,656,50875,13,1446
2021-02-07,1124,85336,541,32432,569,51444,14,1460
2021-02-08,953,86289,257,32689,684,52128,12,1472
2021-02-09,1239,87528,418,33107,805,52933,16,1488
2021-02-10,1143,88671,445,33552,683,53616,15,1503
2021-02-11,1105,89776,345,33897,746,54362,14,1517
2021-02-12,1059,90835,164,34061,881,55243,14,1531
2021-02-13,1152,91987,400,34461,740,55983,12,1543
2021-02-14,1088,93075,295,34756,781,56764,12,1555
2021-02-15,775,93850,-209,34547,972,57736,12,1567
2021-02-16,801,94651,-272,34275,1058,58794,15,1582
2021-02-17,1075,95726,167,34442,890,59684,18,1600
2021-02-18,1112,96838,104,34546,991,60675,17,1617
2021-02-19,1071,97909,122,34668,930,61605,19,1636
2021-02-20,1153,99062,208,34876,928,62533,17,1653
2021-02-21,1184,100246,375,35251,796,63329,13,1666
2021-02-22,1039,101285,35,35286,989,64318,15,1681
2021-02-23,1021,102306,-79,35207,1085,65403,15,1696
2021-02-24,1021,103327,96,35303,906,66309,19,1715
2021-02-25,986,104313,116,35419,849,67158,21,1736
2021-02-26,916,105229,47,35466,849,68007,20,1756
2021-02-27,986,106215,5,35471,962,68969,19,1775
2021-02-28,952,107167,127,35598,804,69773,21,1796
2021-03-01,764,107931,104,35702,640,70413,20,1816
2021-03-02,892,108823,113,35815,760,71173,19,1835
2021-03-03,851,109674,-73,35742,903,72076,21,1856
2021-03-04,847,110521,50,35792,777,72853,20,1876
2021-03-05,780,111301,2,35794,757,73610,21,1897
2021-03-06,777,112078,14,35808,742,74352,21,1918
2021-03-07,819,112897,-40,35768,838,75190,21,1939
2021-03-08,683,113580,-31,35737,697,75887,17,1956
2021-03-09,629,114209,-281,35456,897,76784,13,1969
2021-03-10,631,114840,-100,35356,714,77498,17,1986
2021-03-11,602,115442,-175,35181,761,78259,16,2002
2021-03-12,681,116123,-207,34974,872,79131,16,2018
2021-03-13,698,116821,-4,34970,690,79821,12,2030
2021-03-14,653,117474,-24,34946,662,80483,15,2045
2021-03-15,543,118017,-50,34896,578,81061,15,2060
2021-03-16,475,118492,-291,34605,749,81810,17,2077
2021-03-17,446,118938,-313,34292,744,82554,15,2092
2021-03-18,590,119528,-134,34158,710,83264,14,2106
2021-03-19,494,120022,-212,33946,690,83954,16,2122
2021-03-20,519,120541,-163,33783,671,84625,11,2133
2021-03-21,659,121200,133,33916,522,85147,4,2137
2021-03-22,344,121544,-363,33553,699,85846,8,2145
2021-03-23,303,121847,-359,33194,651,86497,11,2156
2021-03-24,448,122295,-263,32931,696,87193,15,2171
2021-03-25,472,122767,-108,32823,567,87760,13,2184
2021-03-26,449,123216,-148,32675,589,88349,8,2192
2021-03-27,425,123641,-137,32538,550,88899,12,2204
2021-03-28,493,124134,-70,32468,557,89456,6,2210
2021-03-29,285,124419,-289,32179,568,90024,6,2216
2021-03-30,304,124723,-300,31879,593,90617,11,2227
2021-03-31,434,125157,-228,31651,654,91271,8,2235
2021-04-01,349,125506,-261,31390,604,91875,6,2241
2021-04-02,336,125842,-295,31095,625,92500,6,2247
2021-04-03,341,126183,-341,30754,673,93173,9,2256
2021-04-04,348,126531,-330,30424,669,93842,9,2265
2021-04-05,264,126795,-334,30090,589,94431,9,2274
2021-04-06,141,126936,-472,29618,604,95035,9,2283
2021-04-07,256,127192,-317,29301,565,95600,8,2291
2021-04-08,317,127509,-218,29083,529,96129,6,2297
2021-04-09,286,127795,-264,28819,543,96672,7,2304
2021-04-10,360,128155,-180,28639,534,97206,6,2310
2021-04-11,238,128393,-286,28353,517,97723,7,2317
2021-04-12,125,128518,-425,27928,546,98269,4,2321
2021-04-13,234,128752,-405,27523,634,98903,5,2326
2021-04-14,207,128959,-336,27187,538,99441,5,2331
2021-04-15,169,129128,-407,26780,572,100013,4,2335
2021-04-16,179,129307,-410,26370,587,100600,2,2337
2021-04-17,149,129456,-396,25974,542,101142,3,2340
2021-04-18,138,129594,-306,25668,442,101584,2,2342
2021-04-19,100,129694,-492,25176,587,102171,5,2347
2021-04-20,148,129842,-288,24888,430,102601,6,2353
2021-04-21,138,129980,-332,24556,465,103066,5,2358
2021-04-22,134,130114,-388,24168,516,103582,6,2364
2021-04-23,156,130270,-543,23625,696,104278,3,2367
2021-04-24,139,130409,-604,23021,738,105016,5,2372
2021-04-25,128,130537,-590,22431,712,105728,6,2378
2021-04-26,69,130606,-669,21762,737,106465,1,2379
2021-04-27,130,130736,-572,21190,698,107163,4,2383
2021-04-28,123,130859,-604,20586,724,107887,3,2386
2021-04-29,118,130977,-604,19982,719,108606,3,2389
2021-04-30,108,131085,-629,19353,732,109338,5,2394
2021-05-01,100,131185,-736,18617,834,110172,2,2396
2021-05-02,53,131238,-696,17921,748,110920,1,2397
2021-05-03,38,131276,-836,17085,872,111792,2,2399
2021-05-04,51,131327,-786,16299,834,112626,3,2402
2021-05-05,92,131419,-751,15548,842,113468,1,2403
2021-05-06,91,131510,-806,14742,894,114362,3,2406
2021-05-07,67,131577,-826,13916,891,115253,2,2408
2021-05-08,89,131666,-787,13129,873,116126,3,2411
2021-05-09,57,131723,-907,12222,963,117089,1,2412
2021-05-10,30,131753,-926,11296,952,118041,4,2416
2021-05-11,50,131803,-974,10322,1020,119061,4,2420
2021-05-12,42,131845,-972,9350,1011,120072,3,2423
2021-05-13,45,131890,-1008,8342,1050,121122,3,2426
2021-05-14,49,131939,-935,7407,983,122105,1,2427
2021-05-15,39,131978,-939,6468,976,123081,2,2429
2021-05-16,37,132015,-1197,5271,1231,124312,3,2432
2021-05-17,17,132032,-1093,4178,1107,125419,3,2435
2021-05-18,39,132071,-948,3230,986,126405,1,2436
2021-05-19,24,132095,-813,2417,835,127240,2,2438
2021-05-20,23,132118,-608,1809,629,127869,2,2440
2021-05-21,35,132153,-522,1287,556,128425,1,2441
2021-05-22,23,132176,-154,1133,176,128601,1,2442
2021-05-23,33,132209,-100,1033,131,128732,2,2444
2021-05-24,6,132215,-89,944,94,128826,1,2445
2021-05-25,14,132229,-69,875,81,128907,2,2447
2021-05-26,15,132244,-56,819,71,128978,0,2447
2021-05-27,20,132264,-44,775,64,129042,0,2447
2021-05-28,21,132285,-35,740,55,129097,1,2448
2021-05-29,12,132297,-107,633,118,129215,1,2449
2021-05-30,12,132309,-82,551,93,129308,1,2450
2021-05-31,6,132315,-118,433,123,129431,1,2451
2021-06-01,22,132337,-20,413,42,129473,0,2451
2021-06-02,14,132351,-34,379,48,129521,0,2451
2021-06-03,9,132360,-36,343,45,129566,0,2451
2021-06-04,12,132372,-20,323,32,129598,0,2451
2021-06-05,2,132374,-27,296,29,129627,0,2451
2021-06-06,5,132379,-32,264,37,129664,0,2451
2021-06-07,5,132384,-34,230,38,129702,1,2452
2021-06-08,13,132397,-21,209,34,129736,0,2452
2021-06-09,18,132415,-7,202,25,129761,0,2452
2021-06-10,11,132426,-13,189,24,129785,0,2452
2021-06-11,11,132437,-12,177,22,129807,1,2453
2021-06-12,12,132449,-7,170,19,129826,0,2453
2021-06-13,10,132459,-6,164,16,129842,0,2453
2021-06-14,2,132461,-21,143,23,129865,0,2453
2021-06-15,8,132469,-7,136,14,129879,1,2454
2021-06-16,7,132476,-2,134,9,129888,0,2454
2021-06-17,5,132481,-2,132,7,129895,0,2454
2021-06-18,3,132484,-5,127,8,129903,0,2454
2021-06-19,4,132488,-3,124,7,129910,0,2454
2021-06-20,2,132490,-6,118,8,129918,0,2454
2021-06-21,1,132491,-11,107,11,129929,1,2455
2021-06-22,5,132496,-7,100,12,129941,0,2455
2021-06-23,1,132497,-13,87,14,129955,0,2455
2021-06-24,2,132499,-9,78,11,129966,0,2455
2021-06-25,7,132506,-2,76,9,129975,0,2455
2021-06-26,3,132509,-5,71,7,129982,1,2456
2021-06-27,3,132512,-5,66,8,129990,0,2456
2021-06-28,1,132513,-3,63,4,129994,0,2456
2021-06-29,1,132514,-7,56,8,130002,0,2456
2021-06-30,7,132521,0,56,7,130009,0,2456
2021-07-01,2,132523,-3,53,5,130014,0,2456
2021-07-02,3,132526,-1,52,4,130018,0,2456
2021-07-03,8,132534,3,55,5,130023,0,2456
2021-07-04,1,132535,-3,52,4,130027,0,2456
2021-07-05,2,132537,0,52,2,130029,0,2456
2021-07-06,7,132544,3,55,4,130033,0,2456
2021-07-07,13,132557,11,66,2,130035,0,2456
2021-07-08,8,132565,6,72,2,130037,0,2456
2021-07-09,15,132580,9,81,6,130043,0,2456
2021-07-10,7,132587,3,84,4,130047,0,2456
2021-07-11,5,132592,2,86,3,130050,0,2456
2021-07-12,5,132597,3,89,2,130052,0,2456
2021-07-13,11,132608,10,99,1,130053,0,2456
2021-07-14,8,132616,2,101,6,130059,0,2456
2021-07-15,13,132629,11,112,2,130061,0,2456
2021-07-16,18,132647,12,124,6,130067,0,2456
2021-07-17,18,132665,13,137,5,130072,0,2456
2021-07-18,21,132686,19,156,2,130074,0,2456
2021-07-19,11,132697,4,160,7,130081,0,2456
2021-07-20,43,132740,38,198,5,130086,0,2456
2021-07-21,23,132763,12,210,11,130097,0,2456
2021-07-22,34,132797,22,232,12,130109,0,2456
2021-07-23,31,132828,22,254,9,130118,0,2456
2021-07-24,25,132853,18,272,7,130125,0,2456
2021-07-25,22,132875,8,280,14,130139,0,2456
2021-07-26,16,132891,3,283,13,130152,0,2456
2021-07-27,31,132922,17,300,14,130166,0,2456
2021-07-28,30,132952,21,321,8,130174,1,2457
2021-07-29,47,132999,34,355,13,130187,0,2457
2021-07-30,37,133036,19,374,18,130205,0,2457
2021-07-31,45,133081,28,402,17,130222,0,2457
2021-08-01,40,133121,19,421,21,130243,0,2457
2021-08-02,25,133146,12,433,13,130256,0,2457
2021-08-03,65,133211,30,463,35,130291,0,2457
2021-08-04,99,133310,76,539,23,130314,0,2457
2021-08-05,132,133442,103,642,29,130343,0,2457
2021-08-06,149,133591,121,763,27,130370,1,2458
2021-08-07,139,133730,113,876,25,130395,1,2459
2021-08-08,182,133912,159,1035,23,130418,0,2459
2021-08-09,69,133981,47,1082,21,130439,1,2460
2021-08-10,220,134201,189,1271,31,130470,0,2460
2021-08-11,284,134487,253,1524,33,130503,0,2460
2021-08-12,274,134761,228,1752,46,130549,0,2460
2021-08-13,379,135140,339,2091,39,130588,1,2461
2021-08-14,410,135550,362,2453,46,130634,2,2463
2021-08-15,397,135947,357,2810,39,130673,1,2464
2021-08-16,200,136147,171,2981,27,130700,2,2466
2021-08-17,451,136598,394,3375,55,130755,2,2468
2021-08-18,477,137075,407,3782,67,130822,3,2471
2021-08-19,522,137597,422,4204,98,130920,2,2473
2021-08-20,535,138132,411,4615,122,131042,2,2475
2021-08-21,658,138790,514,5129,142,131184,2,2477
2021-08-22,534,139324,444,5573,89,131273,1,2478
2021-08-23,397,139721,219,5792,178,131451,0,2478
2021-08-24,800,140521,641,6433,157,131608,2,2480
2021-08-25,844,141365,637,7070,204,131812,3,2483
2021-08-26,888,142253,611,7681,274,132086,3,2486
2021-08-27,921,143174,630,8311,290,132376,1,2487
2021-08-28,905,144079,555,8866,347,132723,3,2490
2021-08-29,768,144847,364,9230,402,133125,2,2492
2021-08-30,486,145333,276,9506,207,133332,3,2495
2021-08-31,1054,146387,582,10088,469,133801,3,2498
2021-09-01,982,147369,504,10592,475,134276,3,2501
2021-09-02,853,148222,323,10915,526,134802,4,2505
2021-09-03,895,149117,373,11288,519,135321,3,2508
2021-09-04,984,150101,340,11628,640,135961,4,2512
2021-09-05,896,150997,375,12003,518,136479,3,2515
2021-09-06,502,151499,105,12108,393,136872,4,2519
2021-09-07,740,152239,21,12129,715,137587,4,2523
2021-09-08,1079,153318,270,12399,804,138391,5,2528
2021-09-09,998,154316,129,12528,866,139257,3,2531
2021-09-10,977,155293,54,12582,919,140176,4,2535
2021-09-11,869,156162,3,12585,862,141038,4,2539
2021-09-12,864,157026,181,12766,679,141717,4,2543
2021-09-13,864,157436,-147,12619,552,142269,5,2548
2021-09-14,995,158431,-20,12599,1010,143279,5,2553
2021-09-15,992,159423,145,12744,843,144122,4,2557
2021-09-16,942,160365,104,12848,832,144954,6,2563
2021-09-17,959,161324,62,12910,891,145845,6,2569
2021-09-18,849,162173,-138,12772,982,146827,5,2574
2021-09-19,780,162953,17,12789,757,147584,6,2580
2021-09-20,451,163404,-89,12700,533,148117,7,2587
2021-09-21,872,164276,45,12745,820,148937,7,2594
2021-09-22,820,165096,-262,12483,1075,150012,7,2601
2021-09-23,768,165864,-226,12257,986,150998,8,2609
2021-09-24,826,166690,-100,12157,916,151914,10,2619
2021-09-25,664,167354,-212,11945,866,152780,10,2629
2021-09-26,539,167893,-311,11634,839,153619,11,2640
2021-09-27,295,168188,-793,10841,1075,154694,13,2653
2021-09-28,594,168782,-405,10436,984,155678,15,2668
2021-09-29,680,169462,-333,10103,996,156674,17,2685
2021-09-30,669,170131,-280,9823,936,157610,13,2698
2021-10-01,647,170778,-324,9499,964,158574,7,2705
2021-10-02,549,171327,-321,9178,865,159439,5,2710
2021-10-03,467,171794,-227,8951,691,160130,3,2713
2021-10-04,207,172001,-296,8655,498,160628,5,2718
2021-10-05,617,172618,-259,8396,869,161497,7,2725
2021-10-06,572,173190,-262,8134,825,162322,9,2734
2021-10-07,533,173723,-175,7959,696,163018,12,2746
2021-10-08,445,174168,-411,7548,849,163867,7,2753
2021-10-09,475,174643,-188,7360,657,164524,6,2759
2021-10-10,325,174968,-247,7113,563,165087,9,2768
2021-10-11,195,175163,-161,6952,347,165434,9,2777
2021-10-12,501,175664,-80,6872,575,166009,6,2783
2021-10-13,508,176172,-190,6682,693,166702,5,2788
2021-10-14,495,176667,-120,6562,606,167308,9,2797
2021-10-15,441,177108,-197,6365,628,167936,10,2807
2021-10-16,428,177536,-76,6289,501,168437,3,2810
2021-10-17,435,177971,-21,6268,446,168883,10,2820
2021-10-18,217,178188,6,6274,202,169085,9,2829
2021-10-19,616,178804,15,6289,589,169674,12,2841
2021-10-20,659,179463,108,6397,543,170217,8,2849
2021-10-21,566,180029,47,6444,513,170730,6,2855
2021-10-22,594,180623,282,6726,304,171034,8,2863
2021-10-23,629,181252,181,6907,441,171475,7,2870
2021-10-24,444,181696,125,7032,315,171790,4,2874
2021-10-25,264,181960,66,7098,192,171982,6,2880
2021-10-26,650,182610,160,7258,482,172464,8,2888
2021-10-27,672,183282,173,7431,494,172958,5,2893
2021-10-28,591,183873,97,7528,485,173443,9,2902
2021-10-29,467,184340,33,7561,427,173870,7,2909
2021-10-30,547,184887,131,7692,409,174279,7,2916
2021-10-31,413,185300,64,7756,341,174620,8,2924
2021-11-01,197,185497,-39,7717,229,174849,7,2931
2021-11-02,725,186222,117,7834,602,175451,6,2937
2021-11-03,571,186793,-71,7763,639,176090,3,2940
2021-11-04,570,187363,17,7780,549,176639,4,2944
2021-11-05,631,187994,47,7827,580,177219,4,2948
2021-11-06,563,188557,67,7894,494,177713,2,2950
2021-11-07,568,189125,165,8059,398,178111,5,2955
2021-11-08,230,189355,-47,8012,266,178377,11,2966
2021-11-09,770,190125,145,8157,621,178998,4,2970
2021-11-10,690,190815,33,8190,652,179650,5,2975
2021-11-11,625,191440,43,8233,579,180229,3,2978
2021-11-12,573,192013,110,8343,458,180687,5,2983
2021-11-13,587,192600,58,8401,526,181213,3,2986
2021-11-14,475,193075,35,8436,436,181649,4,2990
2021-11-15,194,193269,-3,8433,190,181839,7,2997
2021-11-16,587,193856,-116,8317,696,182535,7,3004
2021-11-17,616,194472,63,8380,543,183078,10,3014
2021-11-18,549,195021,-17,8363,558,183636,8,3022
2021-11-19,502,195523,-116,8247,611,184247,7,3029
2021-11-20,465,195988,-72,8175,531,184778,6,3035
2021-11-21,405,196393,-139,8036,539,185317,5,3040
2021-11-22,218,196611,-43,7993,252,185569,9,3049
2021-11-23,556,197167,-146,7847,698,186267,4,3053
2021-11-24,609,197776,-43,7804,642,186909,10,3063
2021-11-25,516,198292,-86,7718,597,187506,5,3068
2021-11-26,440,198732,-108,7610,539,188045,9,3077
2021-11-27,405,199137,-151,7459,548,188593,8,3085
2021-11-28,418,199555,-37,7422,451,189044,4,3089
2021-11-29,195,199750,9,7431,183,189227,3,3092
2021-11-30,195,199945,-366,7065,557,189784,4,3096
2021-12-01,228,200173,-371,6694,594,190378,5,3101
2021-12-02,466,200639,-61,6633,524,190902,3,3104
2021-12-03,406,201045,-82,6551,484,191386,4,3108
2021-12-04,357,201402,-113,6438,469,191855,1,3109
2021-12-05,328,201730,-56,6382,383,192238,1,3110
2021-12-06,172,201902,-23,6359,190,192428,5,3115
2021-12-07,393,202295,-153,6206,539,192967,7,3122
2021-12-08,346,202641,-224,5982,566,193533,4,3126
2021-12-09,222,202863,-273,5709,493,194026,2,3128
2021-12-10,352,203215,-76,5633,426,194452,2,3130
2021-12-11,309,203524,-79,5554,386,194838,2,3132
2021-12-12,263,203787,-148,5406,409,195247,2,3134
2021-12-13,138,203925,-57,5349,189,195436,6,3140
2021-12-14,376,204301,179,5528,193,195629,4,3144
2021-12-15,326,204627,112,5640,206,195835,8,3152
2021-12-16,301,204928,-166,5474,463,196298,4,3156
2021-12-17,296,205224,-108,5366,402,196700,2,3158
2021-12-18,325,205549,-33,5333,355,197055,3,3161
2021-12-19,228,205777,-98,5235,321,197376,5,3166
2021-12-20,120,205897,-57,5178,171,197547,6,3172
2021-12-21,376,206273,-13,5165,383,197930,6,3178
2021-12-22,343,206616,8,5173,333,198263,2,3180
2021-12-23,319,206935,97,5270,221,198484,1,3181
2021-12-24,286,207221,-69,5201,349,198833,6,3187
2021-12-25,321,207542,19,5220,300,199133,2,3189
2021-12-26,167,207709,-91,5129,253,199386,5,3194
2021-12-27,168,207877,30,5159,131,199517,7,3201
2021-12-28,475,208352,103,5262,366,199883,6,3207
2021-12-29,547,208899,244,5506,298,200181,5,3212
2021-12-30,617,209516,330,5836,284,200465,3,3215
2021-12-31,708,210224,413,6249,293,200758,2,3217
2022-01-01,482,210706,170,6419,311,201069,1,3218
2022-01-02,179,210885,-36,6383,213,201282,2,3220
2022-01-03,335,211220,218,6601,115,201397,2,3222
2022-01-04,801,212021,448,7049,351,201748,2,3224
2022-01-05,1236,213257,903,7952,329,202077,4,3228
2022-01-06,1648,214905,1334,9286,309,202386,5,3233
2022-01-07,1781,216686,1503,10789,278,202664,0,3233
2022-01-08,1801,218487,1494,12283,303,202967,4,3237
2022-01-09,1207,219694,1057,13340,147,203114,3,3240
2022-01-10,793,220487,446,13786,346,203460,1,3241
2022-01-11,2177,222664,1532,15318,639,204099,6,3247
2022-01-12,1905,224569,1189,16507,710,204809,6,3253
2022-01-13,2029,226598,1276,17783,751,205560,2,3255
2022-01-14,2179,228777,1348,19131,824,206384,7,3262
2022-01-15,2163,230940,1278,20409,882,207266,3,3265
2022-01-16,1697,232637,758,21167,935,208201,4,3269
2022-01-17,1017,233654,-239,20928,1254,209455,2,3271
2022-01-18,2832,236486,1094,22022,1732,211187,6,3277
2022-01-19,2643,239129,945,22967,1692,212879,6,3283
2022-01-20,2383,241512,626,23593,1754,214633,3,3286
2022-01-21,2670,244182,512,24105,2152,216785,6,3292
2022-01-22,2230,246412,331,24436,1894,218679,5,3297
2022-01-23,1658,248070,-355,24081,2005,220684,8,3305
2022-01-24,789,248859,-1042,23039,1824,222508,7,3312
2022-01-25,2156,251015,466,23505,1685,224193,5,3317
2022-01-26,1562,252577,-86,23419,1642,225835,6,3323
2022-01-27,1549,254126,-251,23168,1794,227629,6,3329
2022-01-28,1615,255741,-954,22214,2564,230193,5,3334
2022-01-29,1341,257082,-825,21389,2163,232356,3,3337
2022-01-30,939,258021,-891,20498,1825,234181,5,3342
2022-01-31,522,258543,-1741,18757,2259,236440,4,3346
2022-02-01,1533,260076,-689,18068,2215,238655,7,3353
2022-02-02,1164,261240,-832,17236,1987,240642,9,3362
2022-02-03,1001,262241,-809,16427,1803,242445,7,3369
2022-02-04,931,263172,-1165,15262,2094,244539,2,3371
2022-02-05,793,263965,-760,14502,1548,246087,5,3376
2022-02-06,659,264624,-894,13608,1549,247636,4,3380
2022-02-07,251,264875,-1002,12606,1246,248882,7,3387
2022-02-08,841,265716,-712,11894,1547,250429,6,3393
2022-02-09,700,266416,-354,11540,1048,251477,6,3399
2022-02-10,604,267020,-904,10636,1505,252982,3,3402
2022-02-11,531,267551,-807,9829,1333,254315,5,3407
2022-02-12,457,268008,-513,9316,967,255282,3,3410
2022-02-13,296,268304,-543,8773,835,256117,4,3414
2022-02-14,187,268491,-793,7980,974,257091,6,3420
2022-02-15,449,268940,-438,7542,884,257975,3,3423
2022-02-16,361,269301,-736,6806,1090,259065,7,3430
2022-02-17,300,269601,-636,6170,934,259999,2,3432
2022-02-18,303,269904,-764,5406,1066,261065,1,3433
2022-02-19,260,270164,-478,4928,733,261798,5,3438
2022-02-20,206,270370,-405,4523,604,262402,7,3445
2022-02-21,85,270455,-554,3969,633,263035,6,3451
2022-02-22,279,270734,-206,3763,483,263518,2,3453
2022-02-23,213,270947,-182,3581,391,263909,4,3457
2022-02-24,191,271141,-185,3396,378,264287,1,3458
2022-02-25,173,271314,-237,3159,408,264695,2,3460
2022-02-26,111,271425,-263,2896,372,265067,2,3462
2022-02-27,102,271527,-108,2788,208,265275,2,3464
2022-02-28,36,271563,-282,2506,313,265588,5,3469
2022-03-01,139,271702,-295,2211,431,266019,3,3472
2022-03-02,123,271825,-161,2050,282,266301,2,3474
2022-03-03,95,271920,-303,1747,396,266697,2,3476
2022-03-04,110,272030,-153,1594,261,266958,2,3478
2022-03-05,102,272132,-24,1570,125,267083,1,3479
2022-03-06,78,272210,-39,1531,114,267197,3,3482
2022-03-07,40,272250,-224,1307,263,267460,1,3483
2022-03-08,87,272337,-125,1182,212,267672,0,3483
2022-03-09,75,272412,-29,1153,104,267776,0,3483
2022-03-10,67,272479,-34,1119,100,267876,1,3484
2022-03-11,73,272552,-145,974,217,268093,1,3485
2022-03-12,69,272621,-108,866,177,268270,0,3485
2022-03-13,42,272663,-47,819,89,268359,0,3485
2022-03-14,26,272689,-26,793,52,268411,0,3485
2022-03-15,22,272711,-131,662,152,268563,1,3486
2022-03-16,93,272804,-7,655,99,268662,1,3487
2022-03-17,81,272885,-21,634,102,268764,0,3487
2022-03-18,76,272961,5,639,71,268835,0,3487
2022-03-19,79,273040,-25,614,104,268939,0,3487
2022-03-20,48,273088,3,617,45,268984,0,3487
2022-03-21,22,273110,-14,603,35,269019,1,3488
2022-03-22,36,273146,-16,587,51,269070,1,3489
2022-03-23,18,273164,-168,419,186,269256,0,3489
2022-03-24,93,273257,42,461,51,269307,0,3489
2022-03-25,61,273318,2,463,58,269365,1,3490
2022-03-26,69,273387,34,497,34,269399,1,3491
2022-03-27,45,273432,19,516,26,269425,0,3491
2022-03-28,27,273459,-12,504,38,269463,1,3492
2022-03-29,70,273529,-70,434,140,269603,0,3492
2022-03-30,79,273608,29,463,50,269653,0,3492
2022-03-31,69,273677,6,469,63,269716,0,3492
2022-04-01,82,273759,11,480,71,269787,0,3492
2022-04-02,64,273823,23,503,41,269828,0,3492
2022-04-03,47,273870,13,516,34,269862,0,3492
2022-04-04,43,273913,-19,497,62,269924,0,3492
2022-04-05,87,274000,-44,453,131,270055,0,3492
2022-04-06,55,274055,8,461,47,270102,0,3492
2022-04-07,53,274108,0,461,53,270155,0,3492
2022-04-08,28,274136,-89,372,117,270272,0,3492
2022-04-09,55,274191,10,382,45,270317,0,3492
2022-04-10,28,274219,3,385,24,270341,1,3493
2022-04-11,17,274236,-21,364,37,270378,1,3494
2022-04-12,36,274272,-27,337,63,270441,0,3494
2022-04-13,48,274320,15,352,33,270474,0,3494
2022-04-14,56,274376,19,371,36,270510,1,3495
2022-04-15,53,274429,-3,368,56,270566,0,3495
2022-04-16,33,274462,-10,358,42,270608,1,3496
2022-04-17,42,274504,24,382,18,270626,0,3496
2022-04-18,16,274520,-16,366,32,270658,0,3496
2022-04-19,15,274535,-69,297,84,270742,0,3496
2022-04-20,71,274606,24,321,47,270789,0,3496
2022-04-21,79,274685,49,370,30,270819,0,3496
2022-04-22,52,274737,19,389,33,270852,0,3496
2022-04-23,54,274791,37,426,17,270869,0,3496
2022-04-24,37,274828,13,439,24,270893,0,3496
2022-04-25,6,274834,-17,422,23,270916,0,3496
2022-04-26,28,274862,-86,336,114,271030,0,3496
2022-04-27,67,274929,29,365,38,271068,0,3496
2022-04-28,73,275002,46,411,27,271095,0,3496
2022-04-29,53,275055,-37,374,90,271185,0,3496
2022-04-30,52,275107,24,398,28,271213,0,3496
2022-05-01,60,275167,19,417,41,271254,0,3496
2022-05-02,10,275177,-42,375,52,271306,0,3496
2022-05-03,14,275191,-19,356,33,271339,0,3496
2022-05-04,20,275211,-65,291,85,271424,0,3496
2022-05-05,55,275266,-1,290,56,271480,0,3496
2022-05-06,44,275310,-5,285,49,271529,0,3496
2022-05-07,31,275341,-1,284,32,271561,0,3496
2022-05-08,25,275366,2,286,22,271583,1,3497
2022-05-09,6,275372,-28,258,34,271617,0,3497
2022-05-10,44,275416,-49,209,93,271710,0,3497
2022-05-11,24,275440,-23,186,47,271757,0,3497
2022-05-12,45,275485,21,207,24,271781,0,3497
2022-05-13,49,275534,18,225,31,271812,0,3497
2022-05-14,40,275574,26,251,14,271826,0,3497
2022-05-15,41,275615,10,261,31,271857,0,3497
2022-05-16,6,275621,-72,189,78,271935,0,3497
2022-05-17,67,275688,40,229,27,271962,0,3497
2022-05-18,44,275732,31,260,13,271975,0,3497
2022-05-19,42,275774,17,277,25,272000,0,3497
2022-05-20,28,275802,-38,239,66,272066,0,3497
2022-05-21,36,275838,11,250,25,272091,0,3497
2022-05-22,26,275864,-8,242,34,272125,0,3497
2022-05-23,17,275881,-20,222,37,272162,0,3497
2022-05-24,58,275939,38,260,20,272182,0,3497
2022-05-25,46,275985,22,282,24,272206,0,3497
2022-05-26,27,276012,9,291,18,272224,0,3497
2022-05-27,36,276048,13,304,23,272247,0,3497
2022-05-28,33,276081,3,307,30,272277,0,3497
2022-05-29,20,276101,6,313,14,272291,0,3497
2022-05-30,20,276121,0,313,20,272311,0,3497
2022-05-31,51,276172,-26,287,77,272388,0,3497
2022-06-01,50,276221,0,287,49,272437,0,3497
2022-06-02,53,276274,19,306,34,272471,0,3497
2022-06-03,36,276310,-42,264,78,272549,0,3497
2022-06-04,33,276342,11,275,21,272570,0,3497
2022-06-05,59,276401,24,299,35,272605,0,3497
2022-06-06,12,276415,-7,292,21,272626,0,3497
2022-06-07,53,276468,-18,274,71,272697,0,3497
2022-06-08,50,276518,11,285,39,272736,0,3497
2022-06-09,65,276583,32,317,33,272769,0,3497
2022-06-10,55,276638,-21,296,76,272845,0,3497
2022-06-11,52,276690,32,328,20,272865,0,3497
2022-06-12,41,276731,13,341,28,272893,0,3497
2022-06-13,7,276738,-17,324,24,272917,0,3497
2022-06-14,83,276821,49,373,34,272951,0,3497
2022-06-15,92,276913,36,409,56,273007,0,3497
2022-06-16,113,277026,64,473,49,273056,0,3497
2022-06-17,115,277141,94,567,21,273077,0,3497
2022-06-18,129,277270,111,678,18,273095,0,3497
2022-06-19,139,277409,113,791,26,273121,0,3497
2022-06-20,35,277444,-106,685,141,273262,0,3497
2022-06-21,219,277663,144,829,75,273337,0,3497
2022-06-22,277,277940,216,1045,61,273398,0,3497
2022-06-23,271,278211,198,1243,73,273471,0,3497
2022-06-24,293,278504,144,1387,149,273620,0,3497
2022-06-25,289,278793,257,1644,32,273652,0,3497
2022-06-26,284,279077,196,1840,88,273740,0,3497
2022-06-27,90,279167,-13,1827,102,273842,1,3498
2022-06-28,550,279717,337,2164,212,274054,1,3499
2022-06-29,581,280298,364,2528,217,274271,0,3499
2022-06-30,553,280851,360,2888,192,274463,1,3500
2022-07-01,619,281470,279,3167,339,274802,1,3501
2022-07-02,671,282141,518,3685,153,274955,0,3501
2022-07-03,549,282690,251,3936,297,275252,1,3502
2022-07-04,147,282837,-296,3640,441,275693,2,3504
2022-07-05,974,283811,595,4235,377,276070,2,3506
2022-07-06,947,284758,542,4777,403,276473,2,3508
2022-07-07,973,285731,555,5332,416,276889,2,3510
2022-07-08,1001,286732,312,5644,687,277576,2,3512
2022-07-09,962,287694,545,6189,416,277992,1,3513
2022-07-10,290,287984,-159,6030,448,278440,1,3514
2022-07-11,192,288176,-371,5659,563,279003,0,3514
2022-07-12,1215,289391,567,6226,646,279649,2,3516
2022-07-13,1563,290954,837,7063,725,280374,1,3517
2022-07-14,1502,292456,825,7888,677,281051,0,3517
2022-07-15,1461,293917,1042,8930,419,281470,0,3517
2022-07-16,1326,295243,340,9270,986,282456,0,3517
2022-07-17,1062,296305,294,9564,768,283224,0,3517
2022-07-18,427,296732,-363,9201,789,284013,1,3518
2022-07-19,1846,298578,-55,9146,1899,285912,2,3520
2022-07-20,1480,300058,373,9519,1106,287018,1,3521
2022-07-21,1336,301394,307,9826,1029,288047,0,3521
2022-07-22,1373,302767,-97,9729,1468,289515,2,3523
2022-07-23,1158,303925,-39,9690,1195,290710,2,3525
2022-07-24,965,304890,120,9810,843,291553,2,3527
2022-07-25,606,305123,-813,8997,1044,292597,2,3529
2022-07-26,1666,306789,272,9269,1391,293988,3,3532
2022-07-27,1261,308050,-94,9175,1352,295340,3,3535
2022-07-28,1228,309278,-7,9168,1232,296572,3,3538
2022-07-29,1084,310362,-446,8722,1527,298099,3,3541
2022-07-30,1019,311381,-142,8580,1159,299258,2,3543
2022-07-31,716,312097,-341,8239,1055,300313,2,3545
2022-08-01,278,312375,-700,7539,975,301288,3,3548
2022-08-02,1207,313582,182,7721,1023,302311,2,3550
2022-08-03,979,314561,-15,7706,993,303304,1,3551
2022-08-04,776,315337,-110,7596,883,304187,3,3554
2022-08-05,808,316145,42,7638,763,304950,3,3557
2022-08-06,831,316976,33,7671,795,305745,3,3560
2022-08-07,538,317514,-122,7549,657,306402,3,3563
2022-08-08,167,317681,-569,6980,733,307135,3,3566
2022-08-09,957,318638,-53,6927,1010,308145,0,3566
2022-08-10,806,319444,102,7029,703,308848,1,3567
2022-08-11,642,320086,-4531,2498,5172,314020,1,3568
2022-08-12,695,320781,375,2873,319,314339,1,3569
2022-08-13,564,321345,331,3204,232,314571,1,3570
2022-08-14,459,321804,217,3421,241,314812,1,3571
2022-08-15,89,321893,-90,3331,179,314991,0,3571
2022-08-16,712,322605,159,3490,551,315542,2,3573
2022-08-17,445,323050,43,3533,401,315943,1,3574
2022-08-18,547,323597,215,3748,332,316275,0,3574
2022-08-19,498,324095,-24,3724,521,316796,1,3575
2022-08-20,495,324590,57,3781,437,317233,1,3576
2022-08-21,341,324931,10,3791,331,317564,0,3576
2022-08-22,104,325035,-208,3583,312,317876,0,3576
2022-08-23,606,325641,81,3664,524,318400,1,3577
2022-08-24,445,326086,40,3704,404,318804,1,3578
2022-08-26,354,326815,-152,3552,879,319683,2,3580
2022-08-27,338,327153,20,3572,317,320000,1,3581
2022-08-28,216,327369,-35,3537,251,320251,0,3581
2022-08-29,56,327425,-315,3222,370,320621,1,3582
2022-08-30,446,327871,-103,3119,549,321170,0,3582
2022-08-31,335,328206,-29,3090,363,321533,1,3583
2022-09-01,263,328469,-14,3076,277,321810,0,3583
2022-09-02,247,328716,-364,2712,611,322421,0,3583
2022-09-03,200,328916,-244,2468,444,322865,0,3583
2022-09-04,131,329047,-53,2415,184,323049,0,3583
2022-09-05,28,329075,-200,2215,228,323277,0,3583
2022-09-06,62,329137,-354,1861,415,323692,1,3584
2022-09-07,233,329370,-133,1728,366,324058,0,3584
2022-09-08,171,329541,-30,1698,201,324259,0,3584
2022-09-09,155,329696,-41,1657,196,324455,0,3584
2022-09-10,106,329802,-42,1615,148,324603,0,3584
2022-09-11,88,329890,-102,1513,189,324792,1,3585
2022-09-12,17,329907,-156,1357,172,324964,1,3586
2022-09-13,138,330045,-115,1242,253,325217,0,3586
2022-09-14,104,330149,-72,1170,176,325393,0,3586
2022-09-15,89,330238,-18,1152,107,325500,0,3586
2022-09-16,75,330313,-74,1078,149,325649,0,3586
2022-09-17,81,330394,-35,1043,115,325764,1,3587
2022-09-18,43,330437,-104,939,147,325911,0,3587
2022-09-19,18,330455,-74,865,90,326001,2,3589
2022-09-20,114,330569,-14,851,128,326129,0,3589
2022-09-21,95,330664,-20,831,115,326244,0,3589
2022-09-22,51,330715,-24,807,75,326319,0,3589
2022-09-23,47,330762,-129,678,176,326495,0,3589
2022-09-24,45,330807,-52,626,97,326592,0,3589
2022-09-25,23,330830,-32,594,55,326647,0,3589
2022-09-26,11,330841,-44,550,55,326702,0,3589
2022-09-27,79,330920,-36,514,115,326817,0,3589
2022-09-28,63,330983,-2,512,65,326882,0,3589
2022-09-29,44,331027,-3,509,47,326929,0,3589
2022-09-30,48,331075,-3,506,51,326980,0,3589
2022-10-01,42,331117,-24,482,66,327046,0,3589
2022-10-02,22,331139,-15,467,37,327083,0,3589
2022-10-03,5,331144,-35,432,40,327123,0,3589
2022-10-04,47,331191,-34,398,81,327204,0,3589
2022-10-05,35,331226,-18,380,53,327257,0,3589
2022-10-06,38,331264,10,390,28,327285,0,3589
2022-10-07,33,331297,-37,353,70,327355,0,3589
2022-10-08,29,331326,-9,344,38,327393,0,3589
2022-10-09,22,331348,-2,342,24,327417,0,3589
2022-10-10,9,331357,-3,339,11,327428,1,3590
2022-10-11,31,331388,-26,313,56,327484,1,3591
2022-10-12,21,331409,-20,293,41,327525,0,3591
2022-10-13,24,331433,-8,285,32,327557,0,3591
2022-10-14,19,331452,-34,251,53,327610,0,3591
2022-10-15,21,331473,1,252,19,327629,1,3592
2022-10-16,19,331492,4,256,15,327644,0,3592
2022-10-17,7,331499,-5,251,12,327656,0,3592
2022-10-18,28,331527,-20,231,48,327704,0,3592
2022-10-19,28,331555,8,239,20,327724,0,3592
2022-10-20,18,331573,4,243,14,327738,0,3592
2022-10-21,20,331593,1,244,19,327757,0,3592
2022-10-22,15,331608,-1,243,16,327773,0,3592
2022-10-23,18,331626,5,248,13,327786,0,3592
2022-10-24,4,331630,-6,242,10,327796,0,3592
2022-10-25,40,331670,4,246,35,327831,1,3593
2022-10-26,31,331701,-8,238,39,327870,0,3593
2022-10-27,22,331723,-5,233,27,327897,0,3593
2022-10-28,22,331745,-12,221,34,327931,0,3593
2022-10-29,38,331783,21,242,17,327948,0,3593
2022-10-30,17,331800,2,244,15,327963,0,3593
2022-10-31,3,331803,-15,229,18,327981,0,3593
2022-11-01,17,331820,-39,190,56,328037,0,3593
2022-11-02,27,331847,11,201,16,328053,0,3593
2022-11-03,22,331869,10,211,12,328065,0,3593
2022-11-04,31,331900,5,216,26,328091,0,3593
2022-11-05,19,331919,-2,214,21,328112,0,3593
2022-11-06,9,331928,-3,211,12,328124,0,3593
2022-11-07,3,331931,-2,209,5,328129,0,3593
2022-11-08,13,331944,-25,184,38,328167,0,3593
2022-11-09,17,331961,-5,179,22,328189,0,3593
2022-11-10,15,331976,1,180,13,328202,1,3594
2022-11-11,22,331998,4,184,18,328220,0,3594
2022-11-12,13,332011,2,186,11,328231,0,3594
2022-11-13,18,332029,-3,183,21,328252,0,3594
2022-11-14,5,332034,-10,173,15,328267,0,3594
2022-11-15,36,332070,24,197,12,328279,0,3594
2022-11-16,18,332088,4,201,14,328293,0,3594
2022-11-17,18,332106,8,209,10,328303,0,3594
2022-11-18,13,332119,-43,166,56,328359,0,3594
2022-11-19,13,332132,23,189,-10,328349,0,3594
2022-11-20,10,332142,5,194,5,328354,0,3594
2022-11-21,1,332143,-8,186,9,328363,0,3594
2022-11-22,25,332168,9,195,16,328379,0,3594
2022-11-23,11,332179,-10,185,21,328400,0,3594
2022-11-24,12,332191,-7,178,19,328419,0,3594
2022-11-25,11,332202,-3,175,14,328433,0,3594
2022-11-26,6,332208,-8,167,14,328447,0,3594
2022-11-27,11,332216,-3,164,11,328458,0,3594
2022-11-29,8,332224,-19,145,27,328485,0,3594
2022-11-30,5,332229,-17,128,22,328507,0,3594
2022-12-01,17,332246,11,139,6,328513,0,3594
2022-12-02,21,332267,13,152,8,328521,0,3594
2022-12-03,10,332277,-7,145,17,328538,0,3594
2022-12-04,17,332294,10,155,7,328545,0,3594